@persist ANIM_FORWARD_01_SHEATH:table
ANIM_FORWARD_01_SHEATH=table(table(
ang(36.814,-36.117,-4.109),
ang(-49.19,35.126,-12.441),
ang(3.003,-27.995,-7.992),
ang(10.006,5.003,-14.998),
ang(6.005,-8.996,15.005),
ang(60.903,-16.823,-32.473),
ang(-48.685,0.005,0.004),
ang(-28.311,-78.59,49.721),
ang(6.566,-22.405,-11.924),
10,
100),
table(
ang(-0,0,0),
ang(-0,31,0),
ang(-0,-28.999,0),
ang(-0,2,0),
ang(-0,10,0),
ang(18,38,5),
ang(-0,32,0.001),
ang(-6.828,-49.307,-2.862),
ang(-4,-18.999,-11),
5,
100),
table(
ang(0,0,0),
ang(0,-8,0),
ang(0,-29,0),
ang(0,-31,0),
ang(0,-12,0),
ang(0,21,0),
ang(0,32,0),
ang(0,36,0),
ang(0,0,0),
1,
100),
table(
ang(0,0,0),
ang(0,-28,0),
ang(0,-52,0),
ang(0,0,0),
ang(0,-5,0),
ang(0,42,0),
ang(0,45,0),
ang(0,3,0),
ang(0,1,0),
1,
100),
table(
ang(0,0,0),
ang(0,-65,0),
ang(0,-49,0),
ang(0,0,0),
ang(0,33,0),
ang(0,77,0),
ang(0,25,0),
ang(0,2,0),
ang(0,-5,0),
10,
100),
table(
ang(0,25,0),
ang(43,34,-43),
ang(-6,-88,-22),
ang(15,7,-15),
ang(-8,16,16),
ang(0,103,46),
ang(31,60,13),
ang(3,-9,19),
ang(2,-9,14),
4,
100))
