@persist ANIM_ATTACK_03_SHEATH:table
ANIM_ATTACK_03_SHEATH=table(table(
ang(18.352,63.426,-0.777),
ang(49.301,1.846,-44.837),
ang(0.011,-105.241,0.032),
ang(10.425,31.256,23.93),
ang(-2.973,12.071,11.959),
ang(-1.712,-28.161,-19.095),
ang(0.002,0.001,0.003),
ang(0.003,-46.256,-0.003),
ang(0.01,-34.866,0.01),
6,
60,
1,
0),
table(
ang(14.564,70.811,-0.675),
ang(31.133,-18.137,-55.116),
ang(-0.002,-83.058,0.036),
ang(4.8,20.951,-9.711),
ang(11.301,-6.477,14.707),
ang(-35.122,-25.262,-11.948),
ang(-0.005,60.57,0.006),
ang(0.001,0.002,-36.164),
ang(-11.823,-2.927,104.003),
5,
60,
1,
0),
table(
ang(1.985,70.958,5.962),
ang(34.23,-4.923,-64.899),
ang(-0.003,-83.058,0.038),
ang(-6.064,-1.156,-6.902),
ang(7.573,6.823,16.9),
ang(-39.006,14.586,2.922),
ang(-0.004,54.369,0.009),
ang(-47.51,52.945,-60.881),
ang(-67.714,-69.538,129.144),
5,
60,
1,
0),
table(
ang(-2.176,109.543,-2.069),
ang(15.003,-29.456,-69.636),
ang(-3.027,-41.682,-3.337),
ang(2.511,-33.888,-24.318),
ang(9.101,18.098,3.423),
ang(-32.392,30.122,-3.801),
ang(-0.002,37.574,0.01),
ang(-65.748,-166.512,156.931),
ang(-8.856,138.176,-120.781),
10,
60,
1,
0),
table(
ang(-6.806,109.722,-1.866),
ang(17.215,-28.155,-74.142),
ang(-3.985,-61.52,-2.114),
ang(1.267,-12.534,-15.303),
ang(8.366,17.274,3.341),
ang(-9.719,26.985,25.483),
ang(-0.001,74.612,0.001),
ang(-62.077,128.842,-143.817),
ang(-4.193,143.176,-122.132),
10,
60,
1,
0),
table(
ang(-8.491,109.777,-1.797),
ang(18.04,-27.724,-75.783),
ang(-4.222,-68.744,-1.597),
ang(0.002,-4.858,-12.231),
ang(10.708,14.442,2.844),
ang(-1.525,28.765,35.418),
ang(-0.003,88.081,0.012),
ang(-55.335,114.637,-131.641),
ang(-9.574,146.288,-122.909),
30,
60,
1,
0),
table(
ang(-8.489,109.777,-1.797),
ang(18.041,-27.722,-75.781),
ang(-4.222,-68.743,-1.595),
ang(0.003,-4.857,-12.23),
ang(10.491,14.432,2.843),
ang(3.819,32.247,45.657),
ang(0,88.083,0.028),
ang(-73.853,100.662,-109.546),
ang(-0.594,165.37,-117.814),
2,
60,
1,
0),
table(
ang(-8.491,109.777,-1.797),
ang(18.043,-27.721,-75.781),
ang(-4.222,-68.742,-1.596),
ang(0.004,-4.856,-12.229),
ang(10.242,14.419,2.841),
ang(9.036,37.366,57.858),
ang(0.001,88.085,0.014),
ang(-77.482,-0.057,0.067),
ang(6.909,-171.783,-108.73),
5,
60,
1,
0),
table(
ang(-3.763,85.88,-2.141),
ang(23.343,10.632,-74.727),
ang(-4.221,-68.74,-1.595),
ang(0.005,-11.994,-12.227),
ang(10.244,14.421,2.843),
ang(0.167,31.668,56.355),
ang(-0.004,50.68,0),
ang(0.002,-0,-0),
ang(0.002,-0,-0),
20,
60,
0,
0),
table(
ang(-0,0,0),
ang(8.488,7.844,-74.203),
ang(0.001,-9.95,0.002),
ang(-2.754,11.368,-0.554),
ang(-4.299,13.409,13.72),
ang(4.114,9.114,77.71),
ang(0.257,12.055,-1.199),
ang(-0,0.001,0.001),
ang(-0,0.001,0.001),
15,
60,
0,
0))