@persist ANIM_ATTACK_01:table
ANIM_ATTACK_01=table(table(
ang(-0,0,0),
ang(8.486,7.842,-74.203),
ang(0.001,-9.948,0.001),
ang(-2.754,11.367,-0.554),
ang(-4.3,13.409,13.721),
ang(7.55,-3.862,65.193),
ang(0.001,12.057,0.002),
ang(-0,0.002,0.002),
ang(-0,0.002,0.002),
5,
60,
0,
0),
table(
ang(-0,38.214,-0),
ang(5.723,30.843,-27.554),
ang(-7.371,-9.948,0),
ang(-10.653,11.445,-0.561),
ang(-6.004,12.991,13.76),
ang(13.354,0.855,39.074),
ang(0.006,47.99,0.008),
ang(0.002,0.003,0.004),
ang(0.002,0.004,0.004),
5,
60,
0,
0),
table(
ang(-0,-35.43,0.001),
ang(-25.117,-41.379,-13.031),
ang(-7.37,-9.946,0.002),
ang(-4.683,11.286,0.649),
ang(0.001,0.001,-0),
ang(13.358,-16.933,39.077),
ang(0.009,47.992,0.01),
ang(0.004,0.006,0.006),
ang(0.003,0.004,0.005),
5,
60,
0,
0),
table(
ang(0.001,-105.8,0.001),
ang(-7.526,-47.648,16.271),
ang(0.005,-86.785,-0.006),
ang(1.345,11.252,1.85),
ang(0.001,0.001,-0),
ang(24.724,-21.247,34.71),
ang(0.006,59.638,0.014),
ang(0.005,0.006,0.006),
ang(0.004,0.005,0.006),
5,
60,
0,
0),
table(
ang(0.003,-110.481,0.002),
ang(-7.048,-49.288,16.48),
ang(0.006,-86.785,-0.004),
ang(1.346,11.252,1.85),
ang(0.001,0.002,0),
ang(24.724,-21.246,34.71),
ang(0.007,59.639,0.014),
ang(0.005,0.006,0.006),
ang(0.004,0.005,0.007),
5,
60,
0,
0))