@persist ANIM_ATTACK_FORCE_EDGE_01:table
ANIM_ATTACK_FORCE_EDGE_01=table(table(
ang(-0,0,0),
ang(8.486,7.842,-74.203),
ang(0.001,-9.948,0.001),
ang(-2.754,11.367,-0.554),
ang(-4.3,13.409,13.721),
ang(7.55,-3.862,65.193),
ang(0.001,12.057,0.002),
ang(-0,0.002,0.002),
ang(-0,0.002,0.002),
5,
60,
0,
0),
table(
ang(-0,0,0),
ang(8.489,7.845,-74.203),
ang(0.002,-9.947,0.003),
ang(-2.753,11.368,-0.553),
ang(-4.299,13.41,13.723),
ang(-50.207,177.055,-120.653),
ang(-5.506,143.331,-5.114),
ang(-11.088,-7.276,-2.744),
ang(-0.003,-0.006,74.642),
5,
60,
0,
1),
table(
ang(-0,0,0),
ang(8.493,7.846,-74.203),
ang(0.001,-9.946,0.003),
ang(-2.752,11.37,-0.553),
ang(-4.296,13.415,13.727),
ang(-33.699,165.883,-113.089),
ang(-6.525,70.517,3.723),
ang(-11.084,-7.271,-2.741),
ang(0.004,0.001,28.441),
5,
60,
0,
1),
table(
ang(-0,0,0),
ang(8.496,7.849,-74.203),
ang(0.005,-9.944,0.003),
ang(-2.751,11.372,-0.552),
ang(-4.292,13.416,13.729),
ang(-19.895,-1.073,87.433),
ang(0.005,0.004,0.008),
ang(0.005,-39.35,0.006),
ang(2.609,-39.754,-5.568),
5,
60,
0,
1))