@persist ANIM_ATTACK_06_SHEATH:table
ANIM_ATTACK_06_SHEATH=table(table(
ang(36.814,-36.117,-4.109),
ang(-49.19,35.126,-12.441),
ang(3.003,-27.995,-7.992),
ang(10.006,5.003,-14.998),
ang(6.005,-8.996,15.005),
ang(60.903,-16.823,-32.473),
ang(-48.685,0.005,0.004),
ang(-28.311,-78.59,49.721),
ang(6.566,-22.405,-11.924),
10,
100,
1,
0),
table(
ang(-0,0,0),
ang(-0,31,0),
ang(-0,-28.999,0),
ang(-0,2,0),
ang(-0,10,0),
ang(18,38,5),
ang(-0,32,0.001),
ang(-6.828,-49.307,-2.862),
ang(-4,-18.999,-11),
5,
100,
1,
0),
table(
ang(0,0,0),
ang(0,-8,0),
ang(0,-29,0),
ang(0,-31,0),
ang(0,-12,0),
ang(0,21,0),
ang(0,32,0),
ang(0,36,0),
ang(0,0,0),
1,
100,
1,
0),
table(
ang(0,0,0),
ang(0,-28,0),
ang(0,-52,0),
ang(0,0,0),
ang(0,-5,0),
ang(0,42,0),
ang(0,45,0),
ang(0,3,0),
ang(0,1,0),
1,
100,
1,
0),
table(
ang(0,0,0),
ang(0,-65,0),
ang(0,-49,0),
ang(0,0,0),
ang(0,33,0),
ang(0,77,0),
ang(0,25,0),
ang(0,2,0),
ang(0,-5,0),
10,
100,
1,
0),
table(
ang(-0,0,0),
ang(8.488,7.844,-74.203),
ang(0.001,-9.948,0.002),
ang(-2.753,11.367,-0.554),
ang(-4.299,13.409,13.722),
ang(7.552,-3.862,65.195),
ang(0.002,12.058,0.002),
ang(0.001,0.002,0.003),
ang(0.001,0.003,0.003),
4,
100,
0,
0))#[
table(
ang(36.814,-36.118,-4.11),
ang(-49.192,35.126,-12.442),
ang(3.003,-27.995,-7.993),
ang(10.006,5.002,-14.998),
ang(6.004,-8.996,15.004),
ang(60.903,-16.822,-32.473),
ang(-48.686,0.004,0.004),
ang(-28.311,-78.591,49.719),
ang(6.566,-22.406,-11.925),
4,
60,
1,
0))
