@persist ANIM_UPPER_02_SHEATH:table
ANIM_UPPER_02_SHEATH=table(table(
ang(-1,44,-12),
ang(28,10,-33),
ang(6,-44,-6),
ang(13,-18,-21),
ang(-3,4,17),
ang(-7,13,-69),
ang(64,0,0),
ang(-2,-28,-6),
ang(-5,-44,-3),
4,
60),
table(
ang(0,0,0),
ang(8,28,-65),
ang(1,-46,-8),
ang(13,-17,-18),
ang(6,-9,-165),
ang(-41,134,-61),
ang(0,0,9),
ang(89,89,89),
ang(4,-33,-102),
5,
60),
table(
ang(0,0,0),
ang(-1,24,-65),
ang(1,-46,-8),
ang(13,-17,-18),
ang(6,-9,-165),
ang(-39,135,-71),
ang(0,0,9),
ang(89,89,89),
ang(49,-144,92),
5,
60),
table(
ang(0,0,0),
ang(-7,11,-66),
ang(-1,-57,-9),
ang(17,-2,-14),
ang(6,-9,-165),
ang(-42,173,-96),
ang(0,0,9),
ang(89,89,89),
ang(-50,36,-92),
7,
60),
table(
ang(0,0,0),
ang(-7,11,-66),
ang(-1,-57,-8),
ang(17,-2,-14),
ang(2,-27,-173),
ang(-42,173,-96),
ang(0,0,9),
ang(89,89,89),
ang(22,50,-85),
4,
60),
table(
ang(0,0,0),
ang(-2,13,-69),
ang(-2,-68,-8),
ang(16,-7,-16),
ang(-4,-1,179),
ang(-82,179,-95),
ang(12,9,49),
ang(81,-83,-121),
ang(23,32,-83),
4,
60),
table(
ang(0,0,0),
ang(5,15,-70),
ang(-3,-72,-8),
ang(16,-9,-17),
ang(-4,-3,-172),
ang(-81,-4,91),
ang(14,15,67),
ang(77,-74,-128),
ang(37,38,-73),
4,
60),
table(
ang(0,0,0),
ang(13,18,-71),
ang(-4,-79,-8),
ang(15,-12,-18),
ang(-1,5,-164),
ang(-56,31,76),
ang(18,23,46),
ang(72,-62,-140),
ang(29,41,-74),
10,
60),
table(
ang(0,25,0),
ang(43,34,-43),
ang(-6,-88,-22),
ang(15,7,-15),
ang(-8,16,-164),
ang(0,103,46),
ang(31,60,13),
ang(3,-9,19),
ang(3,-9,-166),
1,
60),
table(
ang(0,25,0),
ang(43,34,-43),
ang(-6,-88,-22),
ang(15,7,-15),
ang(-8,16,16),
ang(0,103,46),
ang(31,60,13),
ang(3,-9,19),
ang(2,-9,14),
4,
60))