@persist ANIM_ATTACK_FORCE_EDGE_02:table
ANIM_ATTACK_FORCE_EDGE_02=table(table(
ang(-0,0,0),
ang(8.486,7.842,-74.203),
ang(0.001,-9.948,0.001),
ang(-2.754,11.367,-0.554),
ang(-4.3,13.409,13.721),
ang(7.55,-3.862,65.193),
ang(0.001,12.057,0.002),
ang(-0,0.002,0.002),
ang(-0,0.002,0.002),
5,
60,
0,
0),
table(
ang(-0,0,0),
ang(8.489,7.845,-74.203),
ang(0.002,-9.947,0.003),
ang(-2.753,11.368,-0.553),
ang(-4.299,13.41,13.723),
ang(-50.207,177.055,-120.653),
ang(-5.506,143.331,-5.114),
ang(-11.088,-7.276,-2.744),
ang(-0.003,-0.006,74.642),
5,
60,
0,
1),
table(
ang(-0,0,0),
ang(8.495,7.848,-74.203),
ang(0.001,-9.946,0.003),
ang(-2.751,11.371,-0.552),
ang(-4.295,13.417,13.728),
ang(16.723,146.624,-134.138),
ang(36.124,73.646,4.587),
ang(29.687,-9.336,-3.103),
ang(43.745,-11.5,27.259),
5,
60,
0,
1),
table(
ang(-0,0,0),
ang(8.497,7.85,-74.203),
ang(0.005,-9.942,0.004),
ang(-2.75,11.373,-0.552),
ang(-4.291,13.418,13.73),
ang(53.707,-6.003,59.652),
ang(0.006,0.005,0.009),
ang(0.003,-13.952,0.008),
ang(-6.374,-172.931,156.342),
5,
60,
0,
1),
table(
ang(-0,0,0),
ang(8.499,7.852,-74.203),
ang(0.006,-9.943,0.005),
ang(-2.75,11.374,-0.552),
ang(-4.29,13.419,13.73),
ang(-60.499,8.697,70.791),
ang(0.007,0.006,0.009),
ang(-0.001,30.958,0.001),
ang(0,-170.907,-0.003),
5,
60,
0,
1),
table(
ang(-0,0,0),
ang(8.501,7.854,-74.203),
ang(0.007,-9.943,0.006),
ang(-2.75,11.374,-0.551),
ang(-4.29,13.42,13.731),
ang(-6.052,175.706,-101.169),
ang(0.007,0.006,0.008),
ang(-0,30.959,0.001),
ang(0.002,-170.907,-0.001),
5,
60,
0,
1))