@persist ANIM_JUDGEMENT_CUT_START:table
ANIM_JUDGEMENT_CUT_START=table(table(
ang(-0,0,0),
ang(8.488,7.844,-74.203),
ang(0.001,-9.948,0.002),
ang(-2.753,11.367,-0.554),
ang(-4.299,13.409,13.722),
ang(7.552,-3.862,65.195),
ang(0.002,12.058,0.002),
ang(0.001,0.002,0.003),
ang(0.001,0.003,0.003),
4,
60,
0,
0),
table(
ang(8,68,19),
ang(33,70,-31),
ang(-6,-95,-22),
ang(21,-7,-17),
ang(-4,17,9),
ang(-7,114,36),
ang(31,60,13),
ang(3,-9,19),
ang(2,-11,14),
4,
60,
0,
0),
table(
ang(8,87,16),
ang(33,70,-31),
ang(-6,-95,-22),
ang(21,-7,-17),
ang(-4,17,9),
ang(-7,114,36),
ang(31,60,13),
ang(3,-9,19),
ang(2,-11,14),
4,
60,
0,
0))