@persist ANIM_AERIAL_RAVE:table
ANIM_AERIAL_RAVE=table(table(
ang(22.002,-23,1),
ang(14.001,67.001,-53),
ang(3,-31,-7.999),
ang(10,5,-14.999),
ang(6,-9,15.001),
ang(-40.998,134.001,-137.999),
ang(0.001,-0,0.001),
ang(55,-90.002,-90),
ang(-0,-49,-12.999),
4,
80,
1,
0),
table(
ang(5.448,-58.848,8.497),
ang(26.512,5.895,-4.202),
ang(3.001,-30.999,-7.999),
ang(10,5,-14.999),
ang(-6.11,171.011,165.017),
ang(-56.962,-23.522,-12.82),
ang(0.002,0.003,69.582),
ang(55,-90.001,-90),
ang(-6.578,169.464,-167.854),
4,
80,
1,
0),
table(
ang(-0,0,0),
ang(-7.316,-35.733,54.296),
ang(3.003,-30.997,-7.998),
ang(17.933,59.019,-0.935),
ang(-1.272,-171.703,163.898),
ang(-29.484,-88.962,57.661),
ang(0.002,0,25.022),
ang(84.973,90.028,90.035),
ang(1.409,-148.826,-177.655),
4,
80,
1,
0),
table(
ang(-0,0,0),
ang(-37.106,165.247,-43.618),
ang(3.004,-30.995,-7.995),
ang(17.935,59.02,-0.935),
ang(-1.268,-171.703,163.9),
ang(-21.53,-93.763,-137.339),
ang(0.004,0.009,4.103),
ang(84.975,90.043,90.049),
ang(1.41,-148.824,-177.651),
4,
80,
1,
0),
table(
ang(-0,0,0),
ang(24.992,-91.648,-28.436),
ang(3.006,-30.993,-7.993),
ang(17.937,59.021,-0.935),
ang(-1.266,-171.703,163.902),
ang(-27.08,-66.882,-28.37),
ang(0.004,0.009,-27.672),
ang(84.975,90.051,90.057),
ang(1.41,-148.824,-177.649),
4,
80,
1,
0),
table(
ang(-0,0,0),
ang(19.592,21.445,-15.079),
ang(5.178,-14.35,-6.795),
ang(1.879,-22.116,0.271),
ang(-5.674,35.322,14.875),
ang(-53.402,57.534,-86.512),
ang(0.005,0.014,17.859),
ang(84.977,90.055,90.06),
ang(0.004,-54.654,0.002),
4,
80,
1,
0),
table(
ang(22.004,-23,1),
ang(14.002,67.002,-53),
ang(3,-30.999,-7.998),
ang(10.001,5,-14.999),
ang(6.001,-8.999,15.001),
ang(-40.997,134.002,-137.999),
ang(0.002,0.001,0.002),
ang(55,-90.002,-89.999),
ang(0.001,-49,-12.999),
4,
80,
1,
0))
