@persist ANIM_UPPER_01:table
ANIM_UPPER_01=table(table(
ang(0,25,0),
ang(43,34,-43),
ang(-6,-88,-22),
ang(15,7,-15),
ang(-8,16,16),
ang(0,103,46),
ang(31,60,13),
ang(3,-9,19),
ang(2,-9,14),
4,
60),
table(
ang(23,68,31),
ang(43,34,-43),
ang(-6,-88,-22),
ang(15,7,-15),
ang(-8,16,16),
ang(0,103,46),
ang(31,60,13),
ang(3,-9,19),
ang(2,-9,14),
4,
60),
table(
ang(31,53,32),
ang(31,34,-60),
ang(3,-65,-8),
ang(17,-20,-5),
ang(6,5,4),
ang(-13,88,-3),
ang(42,78,59),
ang(-14,11,-5),
ang(2,-9,14),
4,
60),
table(
ang(38,28,29),
ang(24,29,-68),
ang(3,-65,-8),
ang(17,-20,-9),
ang(0,-7,17),
ang(-11,91,-47),
ang(44,92,75),
ang(-23,31,-25),
ang(2,-9,14),
4,
60),
table(
ang(32,26,25),
ang(13,55,-60),
ang(6,-44,-6),
ang(13,-18,-21),
ang(0,-7,17),
ang(-23,83,-51),
ang(55,87,71),
ang(-24,8,-7),
ang(-5,-44,-3),
4,
60),
table(
ang(30,-17,-2),
ang(14,67,-53),
ang(3,-31,-8),
ang(5,-2,-16),
ang(7,-13,15),
ang(-39,134,-123),
ang(0,0,0),
ang(55,-90,-90),
ang(0,-49,-13),
4,
60),
table(
ang(22,-23,1),
ang(14,67,-53),
ang(3,-31,-8),
ang(10,5,-15),
ang(6,-9,15),
ang(-41,134,-138),
ang(0,0,0),
ang(55,-90,-90),
ang(0,-49,-13),
4,
60))