@persist ANIM_DOWN_02:table
ANIM_DOWN_02=table(table(
ang(-1,44,-12),
ang(28,10,-33),
ang(6,-44,-6),
ang(13,-18,-21),
ang(-3,4,17),
ang(-7,13,-69),
ang(64,0,0),
ang(-2,-28,-6),
ang(-5,-44,-3),
4,
100),
table(
ang(5,-45,-18),
ang(-37,-26,-9),
ang(3,-46,-8),
ang(10,5,-15),
ang(6,-9,15),
ang(-5,159,-149),
ang(-51,42,-34),
ang(-13,12,-3),
ang(4,-34,-13),
4,
100),
table(
ang(33,-7,-24),
ang(-37,50,-9),
ang(3,-46,-8),
ang(10,5,-15),
ang(6,-9,15),
ang(-27,99,-60),
ang(-72,48,-38),
ang(-13,12,-3),
ang(4,-34,-13),
4,
100),
table(
ang(31,74,34),
ang(-22,58,-16),
ang(3,-28,-8),
ang(10,5,-15),
ang(6,-9,15),
ang(-16,24,24),
ang(-72,48,-38),
ang(-13,-51,7),
ang(4,-34,-13),
4,
100),
table(
ang(33,79,43),
ang(-22,58,-16),
ang(3,-28,-8),
ang(10,5,-15),
ang(6,-9,15),
ang(-16,24,24),
ang(-72,48,-38),
ang(-13,-51,7),
ang(4,-34,-13),
4,
100))
