@persist ANIM_ATTACK_FORCE_EDGE_02_SHEATH:table
ANIM_ATTACK_FORCE_EDGE_02_SHEATH=table(table(
ang(-0,0,0),
ang(8.501,7.854,-74.203),
ang(0.007,-9.943,0.006),
ang(-2.75,11.374,-0.551),
ang(-4.29,13.42,13.731),
ang(-6.052,175.706,-101.169),
ang(0.007,0.006,0.008),
ang(-0,30.959,0.001),
ang(0.002,-170.907,-0.001),
8,
60,
0,
1),
table(
ang(-0,0,0),
ang(8.491,7.846,-74.203),
ang(0.002,-9.947,0.004),
ang(-2.753,11.368,-0.552),
ang(-4.298,13.41,13.723),
ang(-50.207,177.055,-120.652),
ang(-5.506,143.331,-5.112),
ang(-11.087,-7.274,-2.744),
ang(-0.002,-0.006,74.642),
8,
60,
0,
1),
table(
ang(-0,0,0),
ang(8.488,7.844,-74.203),
ang(0.002,-9.948,0.002),
ang(-2.754,11.367,-0.554),
ang(-4.299,13.409,13.722),
ang(7.552,-3.862,65.195),
ang(0.002,12.058,0.002),
ang(0.001,0.002,0.003),
ang(0.001,0.003,0.003),
8,
60,
0,
0))