@persist ANIM_UPPER_02:table
ANIM_UPPER_02=table(table(
ang(0,25,0),
ang(43,34,-43),
ang(-6,-88,-22),
ang(15,7,-15),
ang(-8,16,16),
ang(0,103,46),
ang(31,60,13),
ang(3,-9,19),
ang(2,-9,14),
4,
100),
table(
ang(40,63,22),
ang(43,34,-43),
ang(-6,-88,-22),
ang(15,7,-15),
ang(-8,16,16),
ang(0,103,46),
ang(31,60,13),
ang(3,-9,19),
ang(2,-9,14),
4,
100),
table(
ang(48,40,11),
ang(31,34,-60),
ang(3,-65,-8),
ang(17,-20,-5),
ang(6,5,4),
ang(-13,88,-3),
ang(42,78,59),
ang(-14,11,-5),
ang(2,-9,14),
4,
100),
table(
ang(45,12,-7),
ang(24,29,-68),
ang(3,-65,-8),
ang(17,-20,-9),
ang(0,-7,17),
ang(-11,91,-47),
ang(44,92,75),
ang(-23,31,-25),
ang(2,-9,14),
4,
100),
table(
ang(32,62,6),
ang(11,-15,-52),
ang(6,-44,-6),
ang(13,-18,-21),
ang(-3,4,17),
ang(-25,14,-48),
ang(55,87,71),
ang(2,5,-6),
ang(-5,-44,-3),
4,
100),
table(
ang(2,52,-10),
ang(24,4,-35),
ang(6,-44,-6),
ang(13,-18,-21),
ang(-3,4,17),
ang(-7,13,-63),
ang(64,0,0),
ang(-2,-28,-6),
ang(-5,-44,-3),
4,
100),
table(
ang(-1,44,-12),
ang(28,10,-33),
ang(6,-44,-6),
ang(13,-18,-21),
ang(-3,4,17),
ang(-7,13,-69),
ang(64,0,0),
ang(-2,-28,-6),
ang(-5,-44,-3),
4,
100))
