@persist ANIM_ATTACK_04:table
ANIM_ATTACK_04=table(table(
ang(11.243,83.873,0.022),
ang(27.665,60.042,-13.082),
ang(0.001,-18.696,0.019),
ang(1.224,-8.705,13.339),
ang(0.003,-14.042,0.003),
ang(21.804,-36.347,17.957),
ang(0.011,67.541,0.016),
ang(0.006,0.007,0.006),
ang(0.004,0.009,0.009),
4,
60,
0,
0),
table(
ang(23,68,31),
ang(43,34,-43),
ang(-6,-88,-22),
ang(15,7,-15),
ang(-8,16,16),
ang(0,103,46),
ang(31,60,13),
ang(3,-9,19),
ang(2,-9,14),
4,
60,
0,
0),
table(
ang(31,53,32),
ang(31,34,-60),
ang(3,-65,-8),
ang(17,-20,-5),
ang(6,5,4),
ang(-13,88,-3),
ang(42,78,59),
ang(-14,11,-5),
ang(2,-9,14),
4,
60,
1,
0),
table(
ang(38,28,29),
ang(24,29,-68),
ang(3,-65,-8),
ang(17,-20,-9),
ang(0,-7,17),
ang(-11,91,-47),
ang(44,92,75),
ang(-23,31,-25),
ang(2,-9,14),
4,
60,
1,
0),
table(
ang(32,26,25),
ang(13,55,-60),
ang(6,-44,-6),
ang(13,-18,-21),
ang(0,-7,17),
ang(-23,83,-51),
ang(55,87,71),
ang(-24,8,-7),
ang(-5,-44,-3),
4,
60,
1,
0),
table(
ang(30,-17,-2),
ang(14,67,-53),
ang(3,-31,-8),
ang(5,-2,-16),
ang(7,-13,15),
ang(-39,134,-123),
ang(0,0,0),
ang(55,-90,-90),
ang(0,-49,-13),
4,
60,
1,
0),
table(
ang(22,-23,1),
ang(14,67,-53),
ang(3,-31,-8),
ang(10,5,-15),
ang(6,-9,15),
ang(-41,134,-138),
ang(0,0,0),
ang(55,-90,-90),
ang(0,-49,-13),
4,
60,
1,
0))