@persist ANIM_ATTACK_05:table
ANIM_ATTACK_05=table(table(
ang(22,-23,1),
ang(14,67,-53),
ang(3,-31,-8),
ang(10,5,-15),
ang(6,-9,15),
ang(-41,134,-138),
ang(0,0,0),
ang(55,-90,-90),
ang(0,-49,-13),
4,
60,
1,
0),
table(
ang(15,-43,-7),
ang(-37,-26,-9),
ang(3,-46,-8),
ang(10,5,-15),
ang(6,-9,15),
ang(-5,159,-149),
ang(-51,42,-34),
ang(-13,12,-3),
ang(4,-34,-13),
4,
60,
1,
0),
table(
ang(34,0,-12),
ang(-37,50,-9),
ang(3,-46,-8),
ang(10,5,-15),
ang(6,-9,15),
ang(-39,130,-73),
ang(-72,48,-38),
ang(-13,12,-3),
ang(4,-34,-13),
4,
60,
1,
0),
table(
ang(31,74,34),
ang(-22,58,-16),
ang(3,-28,-8),
ang(10,5,-15),
ang(6,-9,15),
ang(-21,59,14),
ang(-72,48,-38),
ang(-13,-51,7),
ang(4,-34,-13),
4,
60,
1,
0),
table(
ang(21,88,40),
ang(-21,62,-27),
ang(3,-28,-8),
ang(10,5,-15),
ang(6,-9,15),
ang(-21,58,18),
ang(-62,34,-23),
ang(-3,-50,7),
ang(4,-34,-13),
4,
60,
1,
0))#[
table(
ang(0,0,0),
ang(-2,13,-69),
ang(-2,-68,-8),
ang(16,-7,-16),
ang(-4,-1,179),
ang(-82,179,-95),
ang(12,9,49),
ang(81,-83,-121),
ang(23,32,-83),
4,
60,
1,
0),
table(
ang(0,0,0),
ang(5,15,-70),
ang(-3,-72,-8),
ang(16,-9,-17),
ang(-4,-3,-172),
ang(-81,-4,91),
ang(14,15,67),
ang(77,-74,-128),
ang(37,38,-73),
4,
60,
1,
0),
table(
ang(0,0,0),
ang(13,18,-71),
ang(-4,-79,-8),
ang(15,-12,-18),
ang(-1,5,-164),
ang(-56,31,76),
ang(18,23,46),
ang(72,-62,-140),
ang(29,41,-74),
10,
60,
0,
0),
table(
ang(-0,0,0),
ang(8.488,7.844,-74.203),
ang(0.001,-9.948,0.002),
ang(-2.753,11.367,-0.554),
ang(-4.299,13.409,13.722),
ang(7.552,-3.862,65.195),
ang(0.002,12.058,0.002),
ang(0.001,0.002,0.003),
ang(0.001,0.003,0.003),
4,
60,
0,
0)
table(
ang(0,25,0),
ang(43,34,-43),
ang(-6,-88,-22),
ang(15,7,-15),
ang(-8,16,16),
ang(0,103,46),
ang(31,60,13),
ang(3,-9,19),
ang(2,-9,14),
4,
60,
0,
0))
