@persist ANIM_FORWARD_01:table
ANIM_FORWARD_01=table(table(
ang(21,88,40),
ang(-20.998,62,-26.998),
ang(3,-28,-7.999),
ang(10.001,5.001,-14.999),
ang(6.001,-8.999,15),
ang(-20.999,58.001,18.002),
ang(-61.999,34.001,-23),
ang(-3,-49.999,7.001),
ang(4,-34,-12.999),
4,
60),
table(
ang(-4.977,109.537,37.807),
ang(-20.998,62,-26.998),
ang(3,-28,-7.999),
ang(10.001,5.001,-14.999),
ang(6.001,-8.999,15),
ang(65.626,76.139,6.173),
ang(-26.556,64.182,-39.028),
ang(-7.615,16.957,-0.009),
ang(6.562,-22.409,-11.93),
4,
60),
table(
ang(-4.976,109.537,37.807),
ang(-7.788,54.43,-22.286),
ang(3.001,-27.999,-7.998),
ang(10.003,5.001,-14.999),
ang(6.003,-8.998,15.001),
ang(60.899,33.299,-32.474),
ang(-21.51,70.677,-41.676),
ang(-7.614,16.958,-0.009),
ang(6.562,-22.408,-11.929),
4,
60),
table(
ang(5.022,50.752,32.937),
ang(-7.786,54.43,-22.285),
ang(3.002,-27.997,-7.996),
ang(10.004,5.001,-14.999),
ang(6.004,-8.997,15.002),
ang(60.899,58.959,-32.475),
ang(-21.508,70.678,-41.674),
ang(-7.614,-1.943,-0.008),
ang(6.564,-22.407,-11.928),
4,
60),
table(
ang(26.348,17.803,15.422),
ang(-25.356,72.427,-34.361),
ang(3.004,-27.994,-7.993),
ang(10.007,5.001,-14.998),
ang(6.005,-8.997,15.003),
ang(43.313,-22.915,-55.691),
ang(-45.242,26.673,-18.616),
ang(-29.238,-52.877,31.5),
ang(6.566,-22.405,-11.925),
4,
60),
table(
ang(41.237,-0.282,4.506),
ang(-31.47,82.19,-41.918),
ang(-0.292,-50.411,-8.528),
ang(10.005,5.002,-14.998),
ang(6.005,-8.996,15.004),
ang(60.904,-16.823,-32.473),
ang(-48.687,0.003,0.004),
ang(-28.31,-78.592,49.719),
ang(6.566,-22.406,-11.926),
4,
60),
table(
ang(36.814,-36.118,-4.11),
ang(-49.192,35.126,-12.442),
ang(3.003,-27.995,-7.993),
ang(10.006,5.002,-14.998),
ang(6.004,-8.996,15.004),
ang(60.903,-16.822,-32.473),
ang(-48.686,0.004,0.004),
ang(-28.311,-78.591,49.719),
ang(6.566,-22.406,-11.925),
4,
60))