@persist ANIM_ATTACK_01_SHEATH:table
ANIM_ATTACK_01_SHEATH=table(table(
ang(0.005,-110.481,0.002),
ang(-7.048,-49.287,16.482),
ang(0.006,-86.785,-0.003),
ang(1.346,11.253,1.85),
ang(0.002,0.002,0.001),
ang(24.724,-21.245,34.711),
ang(0.008,59.639,0.015),
ang(0.005,0.006,0.006),
ang(0.003,0.006,0.007),
10,
60,
0,
0),
table(
ang(-0,-35.43,0.001),
ang(-25.116,-41.378,-13.03),
ang(-7.37,-9.945,0.003),
ang(-4.682,11.287,0.649),
ang(0.001,0.001,-0),
ang(13.359,-16.932,39.078),
ang(0.009,47.993,0.011),
ang(0.005,0.006,0.006),
ang(0.004,0.005,0.006),
10,
60,
0,
0),
table(
ang(-0,0,0),
ang(8.488,7.844,-74.203),
ang(0.001,-9.948,0.002),
ang(-2.753,11.367,-0.554),
ang(-4.299,13.409,13.722),
ang(7.552,-3.862,65.195),
ang(0.002,12.058,0.002),
ang(0.001,0.002,0.003),
ang(0.001,0.003,0.003),
5,
60,
0,
0))