@persist ANIM_RAPID_SLASH_SHEATH:table
ANIM_RAPID_SLASH_SHEATH=table(table(
ang(38.154,-35.763,-19.163),
ang(3.251,88.794,-39.747),
ang(4.485,-39.103,5.713),
ang(8.735,-14.368,-8.583),
ang(-6.405,14.316,0.993),
ang(-30.375,-49.168,13.698),
ang(0.002,-0,0.001),
ang(0.004,-33.882,0.009),
ang(0.001,-50.619,-0.002),
15,
60,
1,
0),
table(
ang(33.051,-13.301,-4.842),
ang(12.916,60.339,-25.199),
ang(4.486,-66.068,5.72),
ang(7.941,-18.038,-3.005),
ang(-6.403,14.317,0.997),
ang(-32.426,-18.828,3.019),
ang(0.004,18.109,0.002),
ang(10.653,-5.374,-12.002),
ang(0.947,-117.243,25.9),
5,
60,
1,
0),
table(
ang(22.669,8.223,6.631),
ang(30.632,28.912,-15.796),
ang(4.486,-96.885,5.723),
ang(7.47,-22.303,3.406),
ang(-6.403,14.32,0.996),
ang(-28.836,15.442,-8.637),
ang(0.004,38.803,0.002),
ang(9.176,-31.183,-33.166),
ang(8.32,10.742,5.407),
5,
60,
1,
0),
table(
ang(28.093,0,0),
ang(2.541,8.929,-10.574),
ang(3.21,-84.986,6.525),
ang(-1.876,-22.855,5.018),
ang(2.419,18.399,6.659),
ang(-28.829,15.438,25.718),
ang(0.004,80.295,0.01),
ang(23.427,-0.748,-20.537),
ang(10.796,5.719,25.159),
5,
60,
1,
0),
table(
ang(21.484,0,0),
ang(-0.48,-51.116,-2.894),
ang(4.575,-97.698,5.663),
ang(-7.123,30.273,1.513),
ang(2.42,18.4,6.66),
ang(-39.142,31.245,45.432),
ang(-0,93.812,22.483),
ang(36.19,-63.546,-84.359),
ang(10.797,5.72,41.253),
5,
60,
0,
0),
table(
ang(9.704,12.949,2.221),
ang(-13.673,-82.167,-23.521),
ang(2.136,-75.791,6.964),
ang(2.352,33.495,18.699),
ang(2.421,18.401,6.661),
ang(-22.887,63.383,26.179),
ang(0.003,93.815,33.603),
ang(0.001,0.002,0.002),
ang(0.001,0.002,0.002),
15,
60,
0,
0),
table(
ang(-0,0,0),
ang(8.49,7.845,-74.203),
ang(0.002,-9.948,0.003),
ang(-2.753,11.367,-0.554),
ang(-4.298,13.41,13.723),
ang(7.554,-3.861,65.196),
ang(0.003,12.059,0.002),
ang(0.001,0.003,0.004),
ang(0.001,0.003,0.004),
15,
60,
0,
0))