@persist ANIM_RAPID_SLASH:table
ANIM_RAPID_SLASH=table(table(
ang(-0,0,0),
ang(8.486,7.842,-74.203),
ang(0.001,-9.948,0.001),
ang(-2.754,11.367,-0.554),
ang(-4.3,13.409,13.721),
ang(7.55,-3.862,65.193),
ang(0.001,12.057,0.002),
ang(-0,0.002,0.002),
ang(-0,0.002,0.002),
5,
100,
0,
0),
table(
ang(13.11,63.265,27.039),
ang(16.9,12.78,-73.305),
ang(6.445,-36.924,0.006),
ang(11.974,-26.03,-18.846),
ang(-0.149,14.42,0.984),
ang(0.428,82.284,15.873),
ang(0.004,84.857,0.012),
ang(0.001,7.199,-22.79),
ang(0.001,0.003,0.003),
5,
100,
0,
0),
table(
ang(20.197,67.942,43.224),
ang(25.679,15.699,-72.244),
ang(6.043,-57.405,4.018),
ang(2.047,-22.66,-18.43),
ang(-6.408,14.314,0.991),
ang(21.764,78.524,-0.217),
ang(0.007,84.86,0.015),
ang(0.002,7.2,-22.789),
ang(0.002,0.004,0.003),
10,
100,
0,
0),
table(
ang(19.068,66.971,40.334),
ang(27.861,12.688,-70.318),
ang(6.342,-61.954,3.528),
ang(3.732,-20.836,-16.228),
ang(-6.407,14.316,0.991),
ang(27.336,79.294,-1.306),
ang(0.006,85.135,0.001),
ang(-1.893,2.68,-22.714),
ang(3.562,-4.204,6.937),
5,
100,
0,
0),
table(
ang(15.062,64.263,31.101),
ang(35.607,2.901,-64.667),
ang(7.04,-76.931,1.774),
ang(8.74,-14.367,-8.584),
ang(-6.405,14.319,0.996),
ang(-3.966,-0.16,-30.967),
ang(-0.003,86.034,0.018),
ang(-7.976,-12.292,-21.412),
ang(2.025,29.193,10.086),
5,
100,
1,
0),
table(
ang(40.498,-40.699,-24.437),
ang(-1.009,86.749,-39.862),
ang(4.486,-39.102,5.712),
ang(8.737,-14.368,-8.583),
ang(-6.403,14.317,0.994),
ang(-46.814,-50.18,21.709),
ang(0.002,0.001,-0),
ang(0.006,-33.881,0.009),
ang(0.002,-50.617,0),
5,
100,
1,
0),
table(
ang(38.154,-35.763,-19.163),
ang(3.251,88.794,-39.747),
ang(4.485,-39.103,5.713),
ang(8.735,-14.368,-8.583),
ang(-6.405,14.316,0.993),
ang(-30.375,-49.168,13.698),
ang(0.002,-0,0.001),
ang(0.004,-33.882,0.009),
ang(0.001,-50.619,-0.002),
10,
100,
1,
0))
