@persist ANIM_ATTACK_FORCE_EDGE_01_SHEATH:table
ANIM_ATTACK_FORCE_EDGE_01_SHEATH=table(table(
ang(-0,0,0),
ang(8.497,7.85,-74.203),
ang(0.004,-9.944,0.004),
ang(-2.75,11.372,-0.551),
ang(-4.292,13.416,13.728),
ang(-19.895,-1.073,87.433),
ang(0.004,0.004,0.007),
ang(0.004,-39.351,0.006),
ang(2.609,-39.753,-5.568),
15,
60,
0,
1),
table(
ang(-0,0,0),
ang(8.491,7.846,-74.203),
ang(0.002,-9.947,0.004),
ang(-2.753,11.368,-0.552),
ang(-4.298,13.41,13.723),
ang(-50.207,177.055,-120.652),
ang(-5.506,143.331,-5.112),
ang(-11.087,-7.274,-2.744),
ang(-0.002,-0.006,74.642),
15,
60,
0,
0),
table(
ang(-0,0,0),
ang(8.488,7.844,-74.203),
ang(0.002,-9.948,0.002),
ang(-2.754,11.367,-0.554),
ang(-4.299,13.409,13.722),
ang(7.552,-3.862,65.195),
ang(0.002,12.058,0.002),
ang(0.001,0.002,0.003),
ang(0.001,0.003,0.003),
15,
60,
0,
0))
