@persist ANIM_ATTACK_02:table
ANIM_ATTACK_02=table(table(
ang(0.005,-110.481,0.002),
ang(-7.048,-49.287,16.482),
ang(0.006,-86.785,-0.003),
ang(1.346,11.253,1.85),
ang(0.002,0.002,0.001),
ang(24.724,-21.245,34.711),
ang(0.008,59.639,0.015),
ang(0.005,0.006,0.006),
ang(0.003,0.006,0.007),
5,
60,
0,
0),
table(
ang(0.007,-13.22,0.004),
ang(-7.053,-49.287,-26.207),
ang(0.006,-86.785,-0.002),
ang(1.221,-8.708,13.338),
ang(0.002,0.003,0.002),
ang(24.224,-29.236,27.124),
ang(0.008,67.54,0.016),
ang(0.005,0.006,0.006),
ang(0.003,0.006,0.008),
5,
60,
0,
0),
table(
ang(11.24,45.656,0.02),
ang(25.798,73.811,-2.28),
ang(0,-18.697,0.017),
ang(1.222,-8.707,13.339),
ang(0.002,-14.042,0.001),
ang(24.224,-29.235,21.625),
ang(0.009,67.541,0.016),
ang(0.005,0.006,0.006),
ang(0.004,0.006,0.008),
5,
60,
0,
0),
table(
ang(11.241,83.871,0.022),
ang(27.665,60.042,-13.082),
ang(0.001,-18.696,0.018),
ang(1.223,-8.706,13.339),
ang(0.003,-14.042,0.002),
ang(21.804,-36.347,17.956),
ang(0.01,67.541,0.016),
ang(0.005,0.006,0.006),
ang(0.004,0.008,0.008),
10,
60,
0,
0))#[,
table(
ang(0.003,-110.481,0.002),
ang(-7.048,-49.288,16.48),
ang(0.006,-86.785,-0.004),
ang(1.346,11.252,1.85),
ang(0.001,0.002,0),
ang(24.724,-21.246,34.71),
ang(0.007,59.639,0.014),
ang(0.005,0.006,0.006),
ang(0.004,0.005,0.007),
5,
60,
0,
0))
