@persist ANIM_ATTACK_02_SHEATH:table
ANIM_ATTACK_02_SHEATH=table(table(
ang(11.243,83.873,0.022),
ang(27.665,60.042,-13.082),
ang(0.001,-18.696,0.019),
ang(1.224,-8.705,13.339),
ang(0.003,-14.042,0.003),
ang(21.804,-36.347,17.957),
ang(0.011,67.541,0.016),
ang(0.006,0.007,0.006),
ang(0.004,0.009,0.009),
15,
60,
0,
0),
table(
ang(-0,0,0),
ang(8.488,7.844,-74.203),
ang(0.001,-9.948,0.002),
ang(-2.753,11.367,-0.554),
ang(-4.299,13.409,13.722),
ang(7.552,-3.862,65.195),
ang(0.002,12.058,0.002),
ang(0.001,0.002,0.003),
ang(0.001,0.003,0.003),
5,
60,
0,
0))
