@persist ANIM_DOWN_01:table
ANIM_DOWN_01=table(table(
ang(22,-23,1),
ang(14,67,-53),
ang(3,-31,-8),
ang(10,5,-15),
ang(6,-9,15),
ang(-41,134,-138),
ang(0,0,0),
ang(55,-90,-90),
ang(0,-49,-13),
4,
60),
table(
ang(15,-43,-7),
ang(-37,-26,-9),
ang(3,-46,-8),
ang(10,5,-15),
ang(6,-9,15),
ang(-5,159,-149),
ang(-51,42,-34),
ang(-13,12,-3),
ang(4,-34,-13),
4,
60),
table(
ang(34,0,-12),
ang(-37,50,-9),
ang(3,-46,-8),
ang(10,5,-15),
ang(6,-9,15),
ang(-39,130,-73),
ang(-72,48,-38),
ang(-13,12,-3),
ang(4,-34,-13),
4,
60),
table(
ang(31,74,34),
ang(-22,58,-16),
ang(3,-28,-8),
ang(10,5,-15),
ang(6,-9,15),
ang(-21,59,14),
ang(-72,48,-38),
ang(-13,-51,7),
ang(4,-34,-13),
4,
60),
table(
ang(21,88,40),
ang(-21,62,-27),
ang(3,-28,-8),
ang(10,5,-15),
ang(6,-9,15),
ang(-21,58,18),
ang(-62,34,-23),
ang(-3,-50,7),
ang(4,-34,-13),
4,
60))
