@persist ANIM_ATTACK_03:table
ANIM_ATTACK_03=table(table(
ang(11.243,83.873,0.022),
ang(27.665,60.042,-13.082),
ang(0.001,-18.696,0.019),
ang(1.224,-8.705,13.339),
ang(0.003,-14.042,0.003),
ang(21.804,-36.347,17.957),
ang(0.011,67.541,0.016),
ang(0.006,0.007,0.006),
ang(0.004,0.009,0.009),
10,
60,
0,
0),
table(
ang(18.345,111.235,-0.777),
ang(42.926,10.073,-55.574),
ang(0.009,-105.245,0.026),
ang(-0.165,28.702,13.399),
ang(-2.977,12.069,7.744),
ang(15.237,124.208,23.745),
ang(5.171,39.922,0.005),
ang(13.876,0.013,9.492),
ang(0.008,-7.011,0.011),
4,
60,
1,
0),
table(
ang(18.348,73.549,-0.776),
ang(42.927,-5.375,-55.572),
ang(0.01,-105.245,0.028),
ang(-0.164,28.705,13.4),
ang(-2.976,12.07,7.745),
ang(12.898,12.869,4.494),
ang(5.173,39.923,0.005),
ang(13.877,0.014,9.494),
ang(0.01,-7.01,0.012),
2,
60,
1,
0),
table(
ang(18.348,67.931,-0.777),
ang(49.299,1.844,-44.839),
ang(0.01,-105.244,0.029),
ang(10.421,31.254,23.928),
ang(-2.974,12.071,11.958),
ang(-1.714,-28.165,-15.997),
ang(0.001,0.001,-0),
ang(0.002,-46.259,-0.004),
ang(0.009,-34.867,0.008),
2,
60,
1,
0),
table(
ang(18.35,63.426,-0.777),
ang(49.301,1.846,-44.838),
ang(0.011,-105.242,0.03),
ang(10.423,31.256,23.93),
ang(-2.973,12.071,11.959),
ang(-1.712,-28.162,-19.097),
ang(0.002,0.001,0.002),
ang(0.003,-46.257,-0.004),
ang(0.01,-34.867,0.009),
2,
60,
1,
0))
