@persist ANIM_DOWN_01_SHEATH:table
ANIM_DOWN_01_SHEATH=table(table(
ang(21,88,40),
ang(-21,62,-27),
ang(3,-28,-8),
ang(10,5,-15),
ang(6,-9,15),
ang(-21,58,18),
ang(-62,34,-23),
ang(-3,-50,7),
ang(4,-34,-13),
10,
60),
table(
ang(0,0,0),
ang(0,31,0),
ang(0,-29,0),
ang(0,2,0),
ang(0,10,0),
ang(18,38,5),
ang(0,32,0),
ang(16,16,-8),
ang(-4,-19,-11),
5,
60),
table(
ang(0,0,0),
ang(0,-8,0),
ang(0,-29,0),
ang(0,-31,0),
ang(0,-12,0),
ang(0,21,0),
ang(0,32,0),
ang(0,36,0),
ang(0,0,0),
1,
60),
table(
ang(0,0,0),
ang(0,-28,0),
ang(0,-52,0),
ang(0,0,0),
ang(0,-5,0),
ang(0,42,0),
ang(0,45,0),
ang(0,3,0),
ang(0,1,0),
1,
60),
table(
ang(0,0,0),
ang(0,-65,0),
ang(0,-49,0),
ang(0,0,0),
ang(0,33,0),
ang(0,77,0),
ang(0,25,0),
ang(0,2,0),
ang(0,-5,0),
10,
60),
table(
ang(0,25,0),
ang(43,34,-43),
ang(-6,-88,-22),
ang(15,7,-15),
ang(-8,16,16),
ang(0,103,46),
ang(31,60,13),
ang(3,-9,19),
ang(2,-9,14),
4,
60))